Best fitness: -270086.74366512994

Best parameters:
x1: 4.999987560473866
x2: -4.999999493469339
x3: -4.999992884957036
x4: -4.999998874700181
