Best fitness: -99.97973614181292

Best parameters:
x1: 4.9995095595225365
x2: 4.9995711513149
x3: 4.999880620865274
x4: 4.999012141022603
